# Free Gas Energy
#N=66 a=1/(100 MeV) at=1/(1000 MeV)
#L    exact     bcc3         bcc3_tr          FG
4  2128.610415  2003.225373  2041.526029   2060.123429
5  1311.854715  1293.376732  1308.888669   1318.478995
6   911.010219   906.042257   913.619722    915.610413
7   669.313630   667.732151   671.835561    672.693365
8   512.443248   511.867441   514.273941    515.030857
9   404.893431   404.659880   406.161781    406.937961
10  327.963679   327.860223   328.845134    329.619749
11  271.044363   270.995064   271.667441    272.413015

