#Last modified 2019/12/13 
##Summary-------------------------------------------------------------------------
# Free Gas Energy
#N=66 a=1/(100 MeV) at=1/(1000 MeV)
#L  exact   bcc3    bcc3_tr     FG
5   1311.9   1293.4   1308.9   1318.5     
6   911.01   906.04   913.62   915.61
7   669.31   667.73   671.84   672.69
8   512.44   511.87   514.27   515.03
9   404.89   404.66   406.16   406.94
10  327.96   327.86   328.85   329.62
11  271.04   271.00   271.67   272.41

## BCC_new1 results
##Nf L Ltinner    EH0                     EM0                   ntot nthr
#66 5   100       0.7961E+03 0.7026E+00   0.7465E+03 0.1060E+01 1850 2720
#66 5   200       0.6159E+03 0.7882E+00   0.5706E+03 0.9193E+00 1740 2720
#66 5   300       0.5412E+03 0.7897E+00   0.4994E+03 0.9382E+00 1630 2720
#66 5   400       0.5089E+03 0.8783E+00   0.4691E+03 0.9910E+00 1540 2720
#66 5   500       0.4929E+03 0.8899E+00   0.4524E+03 0.9902E+00 1460 2720
#66 5   600       0.4856E+03 0.9769E+00   0.4461E+03 0.1166E+01 1390 2720
#
#66 6   100       0.7740E+03 0.7938E+00   0.7253E+03 0.1136E+01 1180 2720
#66 6   200       0.5807E+03 0.1087E+01   0.5389E+03 0.1159E+01 1110 2720
#66 6   300       0.4735E+03 0.9958E+00   0.4354E+03 0.1090E+01 1040 2720
#66 6   400       0.4158E+03 0.2351E+01   0.3806E+03 0.2176E+01 980 2720
#66 6   500       0.3872E+03 0.9806E+00   0.3535E+03 0.1030E+01 930 2720
#66 6   600       0.3696E+03 0.9067E+00   0.3367E+03 0.1010E+01 880 2720
#
#66 7   100       0.7639E+03 0.9032E+00   0.7145E+03 0.1315E+01 860 2720
#66 7   200       0.5705E+03 0.9873E+00   0.5302E+03 0.1260E+01 810 2720
#66 7   300       0.4558E+03 0.1002E+01   0.4199E+03 0.1201E+01 770 2720
#66 7   400       0.3812E+03 0.1801E+01   0.3494E+03 0.1484E+01 723 2688
#66 7   500       0.3400E+03 0.9506E+00   0.3089E+03 0.1086E+01 690 2688
#66 7   600       0.3093E+03 0.1381E+01   0.2808E+03 0.1373E+01 630 1920
#
#66 8   100       0.7512E+03 0.1080E+01   0.7042E+03 0.2054E+01 660 2400
#66 8   200       0.5617E+03 0.1497E+01   0.5210E+03 0.1704E+01 610 2720
#66 8   300       0.4487E+03 0.1604E+01   0.4124E+03 0.1800E+01 583 1920
#66 8   400       0.3746E+03 0.1341E+01   0.3419E+03 0.1597E+01 550 1920
#66 8   500       0.3189E+03 0.1732E+01   0.2892E+03 0.1860E+01 530 1536
#66 8   600       0.2875E+03 0.2068E+01   0.2589E+03 0.2678E+01 503 1248
#
#66 9   100       0.7440E+03 0.1260E+01   0.6967E+03 0.1905E+01 530 2880
#66 9   200       0.5530E+03 0.1556E+01   0.5139E+03 0.2070E+01 503 2200
#66 9   300       0.4406E+03 0.1875E+01   0.4061E+03 0.2435E+01 473 1440
#66 9   400       0.3682E+03 0.1902E+01   0.3376E+03 0.2173E+01 460 1120
#66 9   500       0.3182E+03 0.2349E+01   0.2875E+03 0.2727E+01 433 880
#66 9   600       0.2757E+03 0.2569E+01   0.2492E+03 0.2841E+01 413 720
#
## BCC_new2 results
#66 5   100       0.5222E+03 0.1970E+00   0.4772E+03 0.4382E+00 16920 4080
#66 5   200       0.4986E+03 0.2079E+00   0.4573E+03 0.4460E+00 14070 4080
#66 5   300       0.4944E+03 0.2441E+00   0.4527E+03 0.5212E+00 10810 4080
#66 5   400       0.4936E+03 0.2586E+00   0.4538E+03 0.5363E+00 8500 4080
#66 5   500       0.4929E+03 0.2822E+00   0.4537E+03 0.5702E+00 7290 4080
#66 5   600       0.4936E+03 0.2582E+00   0.4539E+03 0.5552E+00 13560 2720
#
#66 6   100       0.4026E+03 0.2226E+00   0.3633E+03 0.4646E+00 9780 4080
#66 6   200       0.3664E+03 0.2408E+00   0.3321E+03 0.4394E+00 7280 4080
#66 6   300       0.3598E+03 0.2515E+00   0.3264E+03 0.4650E+00 5880 4080
#66 6   400       0.3584E+03 0.2720E+00   0.3259E+03 0.5067E+00 4820 4080
#66 6   500       0.3578E+03 0.2873E+00   0.3262E+03 0.5381E+00 4100 4080
#66 6   600       0.3575E+03 0.3048E+00   0.3254E+03 0.5743E+00 3600 4080
#
#66 7   100       0.3361E+03 0.2397E+00   0.3011E+03 0.4698E+00 6260 4080
#66 7   200       0.2840E+03 0.2591E+00   0.2539E+03 0.4496E+00 4420 4080
#66 7   300       0.2740E+03 0.2731E+00   0.2457E+03 0.4501E+00 3560 4080
#66 7   400       0.2719E+03 0.2721E+00   0.2448E+03 0.4896E+00 3010 4080
#66 7   500       0.2703E+03 0.2962E+00   0.2431E+03 0.5359E+00 2490 4080
#66 7   600       0.2700E+03 0.3455E+00   0.2430E+03 0.5757E+00 2170 4080
#
#66 8   100       0.3128E+03 0.2197E+00   0.2813E+03 0.4137E+00 8400 2720
#66 8   200       0.2341E+03 0.2311E+00   0.2067E+03 0.3945E+00 5970 2720
#66 8   300       0.2189E+03 0.2456E+00   0.1934E+03 0.4136E+00 4560 2720
#66 8   400       0.2143E+03 0.2546E+00   0.1911E+03 0.4251E+00 3820 2720
#66 8   500       0.2127E+03 0.2720E+00   0.1898E+03 0.4599E+00 3190 2720
#66 8   600       0.2118E+03 0.2961E+00   0.1890E+03 0.4859E+00 2840 2688
#
#66 9   100       0.3300E+03 0.2105E+00   0.3017E+03 0.3814E+00 5970 2720
#66 9   200       0.2047E+03 0.2477E+00   0.1800E+03 0.4051E+00 4200 2720
#66 9   300       0.1828E+03 0.2543E+00   0.1603E+03 0.4219E+00 3270 2720
#66 9   400       0.1750E+03 0.2822E+00   0.1539E+03 0.4722E+00 2760 2240
#66 9   500       0.1725E+03 0.3139E+00   0.1518E+03 0.5291E+00 2390 2000
#66 9   600       0.1713E+03 0.5098E+00   0.1505E+03 0.8456E+00 1080 2000
#
#66 10   100       0.3872E+03 0.1936E+00   0.3633E+03 0.3559E+00 4640 2320
#66 10   200       0.1928E+03 0.2718E+00   0.1702E+03 0.4568E+00 3250 2320
#66 10   300       0.1589E+03 0.2758E+00   0.1381E+03 0.4494E+00 2530 2500
#66 10   400       0.1490E+03 0.3181E+00   0.1306E+03 0.5102E+00 2080 2000
#66 10   500       0.1447E+03 0.3080E+00   0.1259E+03 0.5135E+00 1940 2100
#66 10   600       0.1417E+03 0.4353E+00   0.1229E+03 0.6680E+00 1460 1750
#
#66 11   100       0.4127E+03 0.1510E+00   0.3947E+03 0.2945E+00 3370 2320
#66 11   200       0.1964E+03 0.2864E+00   0.1761E+03 0.4685E+00 2410 2304
#66 11   300       0.1460E+03 0.3326E+00   0.1267E+03 0.5402E+00 1870 2000
#66 11   400       0.1305E+03 0.4529E+00   0.1132E+03 0.7466E+00 1080 2000
#66 11   500       0.1240E+03 0.4107E+00   0.1063E+03 0.6812E+00 1350 1600
#66 11   600       0.1215E+03 0.4524E+00   0.1044E+03 0.7404E+00 1160 1600

# BCC_6.1_wave
# There are several variations 
# Ltouter=0 or 5, MR200 or 800
##(L=5) Ltouter=5 ntot=1000 MR=200
#66 5   100 	 0.5064E+03 0.7089E+00 	 0.4688E+03 0.1655E+01 1000 3400  # out_1L5Lt100
#66 5   200 	 0.4823E+03 0.1816E+01 	 0.4408E+03 0.2716E+01 1000 3400  # out_1L5Lt200
#66 5   300 	 0.4825E+03 0.8666E+00 	 0.4314E+03 0.1264E+02 1000 3400  # out_1L5Lt300
#66 5   400 	 0.4807E+03 0.8737E+00 	 0.4418E+03 0.1856E+01 1000 3400  # out_1L5Lt400
#66 5   500 	 0.4802E+03 0.8580E+00 	 0.4432E+03 0.1840E+01 1000 3400  # out_1L5Lt500
#66 5   600 	 0.4801E+03 0.9938E+00 	 0.4423E+03 0.1909E+01 1000 3400  # out_1L5Lt600
#(L=5) Ltouter=5 ntot=10000 MR=200
66 5   100 	 0.5122E+03 0.3369E+00 	 0.4751E+03 0.6085E+00 10000 3400  # out_L5Lt100
66 5   200 	 0.4946E+03 0.3123E+00 	 0.4550E+03 0.5953E+00 10000 3400  # out_L5Lt200
66 5   300 	 0.4944E+03 0.2943E+00 	 0.4536E+03 0.1071E+01 10000 3400  # out_L5Lt300 #may not converged 
66 5   400 	 0.4937E+03 0.3098E+00 	 0.4533E+03 0.7960E+00 8470 3400  # out_L5Lt400
66 5   500 	 0.4934E+03 0.3462E+00 	 0.4529E+03 0.6342E+00 7760 3400  # out_L5Lt500
66 5   600 	 0.4929E+03 0.3682E+00 	 0.4529E+03 0.7220E+00 6440 3400  # out_L5Lt600

#(L=5) Ltouter=0 ntot=10000 MR=800
66 5   100 	 0.5682E+03 0.1042E+00 	 0.5435E+03 0.1580E+00 10000 4080  # out_L5Lt100Lto0ifread0
66 5   200 	 0.5164E+03 0.2608E+00 	 0.4821E+03 0.3107E+00 10000 4080  # out_L5Lt200Lto0ifread0
66 5   300 	 0.4955E+03 0.2970E+00 	 0.4570E+03 0.3428E+00 10000 4080  # out_L5Lt300Lto0ifread0
66 5   400 	 0.4933E+03 0.6197E+00 	 0.4538E+03 0.7318E+00 10000 4080  # out_L5Lt400Lto0ifread0 #may not converged 
66 5   500 	 0.4937E+03 0.2719E+00 	 0.4539E+03 0.3526E+00 10000 4080  # out_L5Lt500Lto0ifread0
66 5   600 	 0.4930E+03 0.3402E+00 	 0.4526E+03 0.4503E+00 9630 4080  # out_L5Lt600Lto0ifread0 #may not converged 

##(L=6) Ltouter=5 ntot=1000 MR=200 
#66 6   100 	 0.3934E+03 0.5395E+00 	 0.3672E+03 0.1035E+01 1000 3400  # out_1L6Lt100
#66 6   200 	 0.3611E+03 0.9568E+00 	 0.3294E+03 0.3665E+01 760 3400  # out_1L6Lt200
#66 6   300 	 0.3503E+03 0.1122E+01 	 0.3205E+03 0.2215E+01 513 3400  # out_1L6Lt300
#66 6   400 	 0.3444E+03 0.3407E+01 	 0.3181E+03 0.4954E+01 363 3400  # out_1L6Lt400
#(L=6) Ltouter=5 ntot=10000 MR=200 
66 6   100 	 0.3935E+03 0.1505E+00 	 0.3670E+03 0.2829E+00 10000 3400  # out_L6Lt100
66 6   200 	 0.3642E+03 0.2293E+00 	 0.3344E+03 0.4638E+00 7580 3400  # out_L6Lt200
66 6   300 	 0.3574E+03 0.1368E+01 	 0.3267E+03 0.1098E+01 6220 3400  # out_L6Lt300 #may not converged 
66 6   400 	 0.3576E+03 0.4290E+00 	 0.3251E+03 0.1604E+01 4770 3400  # out_L6Lt400 #may not converged 
66 6   500 	 0.3577E+03 0.4218E+00 	 0.3267E+03 0.6176E+00 4170 3400  # out_L6Lt500
66 6   600 	 0.3571E+03 0.5267E+00 	 0.3256E+03 0.8334E+00 3600 3400  # out_L6Lt600 #may need more run 

#(L=6) Ltouter=0 ntot=10000 MR=800 
66 6   100 	 0.4221E+03 0.7044E-01 	 0.4046E+03 0.9634E-01 10000 4080  # out_L6Lt100Lto0ifread0
66 6   200 	 0.3961E+03 0.1225E+00 	 0.3723E+03 0.1529E+00 10000 4080  # out_L6Lt200Lto0ifread0
66 6   300 	 0.3665E+03 0.1957E+00 	 0.3377E+03 0.2543E+00 8750 4080  # out_L6Lt300Lto0ifread0 #may not converged
66 6   400 	 0.3589E+03 0.3727E+00 	 0.3285E+03 0.3958E+00 7140 4080  # out_L6Lt400Lto0ifread0 #may not converged 
66 6   500 	 0.3576E+03 0.3798E+00 	 0.3265E+03 0.3954E+00 5990 4080  # out_L6Lt500Lto0ifread0
66 6   600 	 0.3581E+03 0.3397E+00 	 0.3265E+03 0.4126E+00 5090 4080  # out_L6Lt600Lto0ifread0


##(L=7) Ltouter=5 ntot=1000 MR=200 
#66 7   100 	 0.3085E+03 0.3959E+00 	 0.2875E+03 0.7282E+00 1000 3000  # out_0L7Lt100
#66 7   200 	 0.2875E+03 0.4838E+00 	 0.2656E+03 0.8455E+00 1000 3000  # out_0L7Lt200
#66 7   300 	 0.2745E+03 0.5870E+00 	 0.2514E+03 0.1006E+01 1000 3000  # out_0L7Lt300
#66 7   400 	 0.2703E+03 0.9031E+00 	 0.2473E+03 0.1097E+01 1000 3000  # out_0L7Lt400
#66 7   500 	 0.2691E+03 0.7504E+00 	 0.2442E+03 0.1248E+01 1000 3000  # out_0L7Lt500
#66 7   600 	 0.2686E+03 0.1083E+01 	 0.2440E+03 0.1311E+01 1000 3000  # out_0L7Lt600

#(L=7) Ltouter=5 ntot=10000 MR=200 
66 7   100 	 0.3087E+03 0.1284E+00 	 0.2886E+03 0.2342E+00 7210 3000  # out_L7Lt100
66 7   200 	 0.2877E+03 0.2249E+00 	 0.2651E+03 0.4051E+00 5030 3000  # out_L7Lt200 # may not converged 
66 7   300 	 0.2741E+03 0.2921E+00 	 0.2498E+03 0.4555E+00 3910 3000  # out_L7Lt300
66 7   400 	 0.2706E+03 0.7034E+00 	 0.2456E+03 0.9515E+00 3170 3000  # out_L7Lt400 #seems not converged 
66 7   500 	 0.2696E+03 0.5456E+00 	 0.2439E+03 0.8230E+00 2690 3000  # out_L7Lt500 #seems not converged 
66 7   600 	 0.2700E+03 0.5113E+00 	 0.2440E+03 0.7525E+00 2220 3000  # out_L7Lt600

#(L=7) Ltouter=5 Re-calculation  (2019/12/12 working on)
66 7   100       0.3088E+03 0.3014E+00   0.2889E+03 0.3756E+00 1220 4200  # out_L7Lt100Lto5ifread0
66 7   100       0.3087E+03 0.1156E+00   0.2884E+03 0.1440E+00 6540 4200  # out_L7Lt100Lto5ifread1
66 7   100       0.3086E+03 0.1214E+00   0.2884E+03 0.1348E+00 11690 4200  # out_L7Lt100Lto5ifread2
66 7   200       0.2883E+03 0.4256E+00   0.2658E+03 0.5260E+00 920 4200  # out_L7Lt200Lto5ifread0
66 7   200       0.2880E+03 0.1835E+00   0.2655E+03 0.2155E+00 4830 4200  # out_L7Lt200Lto5ifread1
66 7   200       0.2877E+03 0.1446E+00   0.2653E+03 0.1685E+00 8860 4200  # out_L7Lt200Lto5ifread2
66 7   300       0.2716E+03 0.1021E+01   0.2475E+03 0.1253E+01 750 4200  # out_L7Lt300Lto5ifread0
66 7   300       0.2735E+03 0.3150E+00   0.2491E+03 0.3751E+00 4010 4200  # out_L7Lt300Lto5ifread1
66 7   300       0.2735E+03 0.2091E+00   0.2490E+03 0.2437E+00 7260 4200  # out_L7Lt300Lto5ifread2
66 7   400       0.2692E+03 0.7904E+00   0.2444E+03 0.9151E+00 620 4200  # out_L7Lt400Lto5ifread0
66 7   400       0.2707E+03 0.3083E+00   0.2454E+03 0.3269E+00 3350 4200  # out_L7Lt400Lto5ifread1
66 7   400       0.2705E+03 0.2701E+00   0.2449E+03 0.2837E+00 6060 4200  # out_L7Lt400Lto5ifread2
66 7   500       0.2676E+03 0.9811E+00   0.2414E+03 0.1205E+01 540 4200  # out_L7Lt500Lto5ifread0
66 7   500       0.2700E+03 0.4118E+00   0.2437E+03 0.4928E+00 2910 4200  # out_L7Lt500Lto5ifread1
66 7   500       0.2698E+03 0.2834E+00   0.2435E+03 0.3335E+00 5270 4200  # out_L7Lt500Lto5ifread2
66 7   600       0.2651E+03 0.1591E+01   0.2379E+03 0.1925E+01 470 4200  # out_L7Lt600Lto5ifread0
66 7   600       0.2702E+03 0.3905E+00   0.2437E+03 0.4515E+00 2530 4200  # out_L7Lt600Lto5ifread1
66 7   600       0.2703E+03 0.2747E+00   0.2438E+03 0.3171E+00 4600 4200  # out_L7Lt600Lto5ifread2
66 7   700       0.2685E+03 0.1142E+01   0.2416E+03 0.1417E+01 430 4200  # out_L7Lt700Lto5ifread0
66 7   700       0.2699E+03 0.3463E+00   0.2431E+03 0.4476E+00 2280 4200  # out_L7Lt700Lto5ifread1
66 7   700       0.2703E+03 0.2501E+00   0.2436E+03 0.3119E+00 4130 4200  # out_L7Lt700Lto5ifread2
66 7   800       0.2669E+03 0.1151E+01   0.2414E+03 0.1626E+01 380 4200  # out_L7Lt800Lto5ifread0
66 7   800       0.2700E+03 0.3723E+00   0.2434E+03 0.4318E+00 2040 4200  # out_L7Lt800Lto5ifread1
66 7   800       0.2683E+03 0.2037E+01   0.2409E+03 0.2647E+01 3700 4200  # out_L7Lt800Lto5ifread2


#(L=7) Ltouter=0 ntot=10000 MR=800 
66 7   100 	 0.3278E+03 0.5792E-01 	 0.3152E+03 0.7428E-01 10000 3600  # out_L7Lt100Lto0ifread0
66 7   200 	 0.3095E+03 0.9923E-01 	 0.2916E+03 0.1227E+00 7400 3600  # out_L7Lt200Lto0ifread0 #may not converged
66 7   300 	 0.2907E+03 0.1541E+00 	 0.2695E+03 0.1905E+00 5590 3600  # out_L7Lt300Lto0ifread0 #may not converged
66 7   400 	 0.2749E+03 0.3399E+00 	 0.2508E+03 0.3611E+00 4560 3600  # out_L7Lt400Lto0ifread0
66 7   500 	 0.2713E+03 0.3177E+00 	 0.2457E+03 0.4103E+00 3820 3600  # out_L7Lt500Lto0ifread0 # need more run 
66 7   600 	 0.2700E+03 0.3489E+00 	 0.2443E+03 0.4172E+00 3310 3600  # out_L7Lt600Lto0ifread0
66 7   700 	 0.2697E+03 0.5411E+00 	 0.2431E+03 0.6201E+00 2890 3600  # out_L7Lt700Lto0ifread0 # need more run 


##(L=8) Ltouter=5 ntot=1000 MR=200 
#66 8   100 	 0.2465E+03 0.3144E+00 	 0.2307E+03 0.5508E+00 1000 3000  # out_1L8Lt100
#66 8   200 	 0.2363E+03 0.3397E+00 	 0.2195E+03 0.6170E+00 1000 3000  # out_1L8Lt200
#66 8   300 	 0.2224E+03 0.4551E+00 	 0.2027E+03 0.7988E+00 860 3000  # out_1L8Lt300
#66 8   400 	 0.2147E+03 0.7348E+00 	 0.1970E+03 0.1278E+01 540 3000  # out_1L8Lt400
#66 8   500 	 0.2131E+03 0.1090E+01 	 0.1935E+03 0.2023E+01 410 3000  # out_1L8Lt500
#66 8   600 	 0.2112E+03 0.1878E+01 	 0.1909E+03 0.3452E+01 340 3000  # out_1L8Lt600
#(L=8) Ltouter=5 ntot=10000 MR=200 
66 8   100 	 0.2466E+03 0.1346E+00 	 0.2308E+03 0.2261E+00 4850 3000  # out_2L8Lt100 #fluctuating
66 8   200 	 0.2365E+03 0.1635E+00 	 0.2194E+03 0.2832E+00 3440 3000  # out_2L8Lt200
66 8   300 	 0.2221E+03 0.2519E+00 	 0.2028E+03 0.3963E+00 2600 3000  # out_2L8Lt300
66 8   400 	 0.2145E+03 0.3403E+00 	 0.1943E+03 0.5075E+00 2170 3000  # out_2L8Lt400
66 8   500 	 0.2116E+03 0.4229E+00 	 0.1906E+03 0.5921E+00 1810 3000  # out_2L8Lt500
66 8   600 	 0.2102E+03 0.5713E+00 	 0.1878E+03 0.1361E+01 1550 3000  # out_2L8Lt600 # not converged 
#(L=8) Ltouter=5 ntot=10000 MR=800 
66 8   100 	 0.2466E+03 0.1399E+00 	 0.2304E+03 0.1678E+00 4310 3000  # out_L8Lt100MRtest
66 8   600 	 0.2100E+03 0.5986E+00 	 0.1885E+03 0.6985E+00 1660 2800  # out_L8Lt600MRtest
#(L=8) Ltouter=5 ntot=10000 MR=800 
66 8   100 	 0.2466E+03 0.9188E-01 	 0.2306E+03 0.1109E+00 6770 4000  # out_1L8Lt100Lto5 #fluctuating 
66 8   150 	 0.2420E+03 0.1007E+00 	 0.2258E+03 0.1190E+00 5850 4000  # out_1L8Lt150Lto5 #fluctuating
66 8   250 	 0.2290E+03 0.2971E+00 	 0.2108E+03 0.2996E+00 4530 4000  # out_1L8Lt250Lto5 #fluctuating
66 8   350 	 0.2169E+03 0.1973E+00 	 0.1967E+03 0.2285E+00 3790 4000  # out_1L8Lt350Lto5 
66 8   550 	 0.2116E+03 0.2608E+00 	 0.1897E+03 0.3066E+00 2800 4000  # out_1L8Lt550Lto5
66 8   600 	 0.2107E+03 0.3630E+00 	 0.1888E+03 0.4196E+00 2620 3600  # out_1L8Lt600Lto5
66 8   650 	 0.2112E+03 0.3502E+00 	 0.1888E+03 0.3807E+00 2480 3600  # out_1L8Lt650Lto5
66 8   700 	 0.2118E+03 0.2956E+00 	 0.1894E+03 0.3480E+00 2370 3600  # out_1L8Lt700Lto5
#(L=8) Ltouter=5 re-calculation with tapes(2019/12/12 working)  
66 8   100       0.2482E+03 0.6616E+00   0.2320E+03 0.8287E+00 410 4000  # out_L8Lt100Lto5ifread0
66 8   100       0.2471E+03 0.3603E+00   0.2307E+03 0.4355E+00 710 4000  # out_L8Lt100Lto5ifread1
66 8   100       0.2468E+03 0.1180E+00   0.2306E+03 0.1401E+00 4310 4000  # out_L8Lt100Lto5ifread2
66 8   200       0.2365E+03 0.2764E+00   0.2193E+03 0.2601E+00 2830 4000  # out_L8Lt200Lto5ifread0
66 8   200       0.2364E+03 0.1558E+00   0.2192E+03 0.1589E+00 5570 4000  # out_L8Lt200Lto5ifread1
66 8   200       0.2364E+03 0.1160E+00   0.2192E+03 0.1230E+00 8310 4000  # out_L8Lt200Lto5ifread2
66 8   300       0.2223E+03 0.2788E+00   0.2030E+03 0.3278E+00 2240 4000  # out_L8Lt300Lto5ifread0
66 8   300       0.2224E+03 0.1725E+00   0.2030E+03 0.2025E+00 4420 4000  # out_L8Lt300Lto5ifread1
66 8   300       0.2223E+03 0.1400E+00   0.2029E+03 0.1621E+00 6590 4000  # out_L8Lt300Lto5ifread2
66 8   400       0.2145E+03 0.2916E+00   0.1936E+03 0.3543E+00 1920 4000  # out_L8Lt400Lto5ifread0
66 8   400       0.2138E+03 0.3687E+00   0.1929E+03 0.3773E+00 3780 4000  # out_L8Lt400Lto5ifread1
66 8   400       0.2139E+03 0.2753E+00   0.1930E+03 0.2919E+00 5630 4000  # out_L8Lt400Lto5ifread2
66 8   500       0.2119E+03 0.4047E+00   0.1899E+03 0.4613E+00 1640 4000  # out_L8Lt500Lto5ifread0
66 8   500       0.2112E+03 0.5746E+00   0.1894E+03 0.6797E+00 3230 4000  # out_L8Lt500Lto5ifread1
66 8   500       0.2115E+03 0.3929E+00   0.1897E+03 0.4616E+00 4820 4000  # out_L8Lt500Lto5ifread2
66 8   500       0.2113E+03 0.3406E+00   0.1897E+03 0.3896E+00 6000 4000  # out_L8Lt500Lto5ifread3
66 8   600       0.2103E+03 0.5110E+00   0.1886E+03 0.6013E+00 1430 4050  # out_L8Lt600Lto5ifread0
66 8   600       0.2104E+03 0.4954E+00   0.1883E+03 0.5137E+00 2830 4050  # out_L8Lt600Lto5ifread1
66 8   600       0.2106E+03 0.3850E+00   0.1885E+03 0.3841E+00 4230 4050  # out_L8Lt600Lto5ifread2
66 8   700       0.2119E+03 0.4122E+00   0.1895E+03 0.4694E+00 1290 4050  # out_L8Lt700Lto5ifread0
66 8   700       0.2117E+03 0.3057E+00   0.1895E+03 0.3337E+00 2540 4050  # out_L8Lt700Lto5ifread1
66 8   700       0.2115E+03 0.2440E+00   0.1890E+03 0.3856E+00 3720 4050  # out_L8Lt700Lto5ifread2
66 8   700       0.2114E+03 0.2191E+00   0.1890E+03 0.3230E+00 4640 4050  # out_L8Lt700Lto5ifread3
66 8   800       0.2105E+03 0.8373E+00   0.1883E+03 0.7556E+00 1190 3200  # out_L8Lt800Lto5ifread0
66 8   800       0.2113E+03 0.4501E+00   0.1887E+03 0.4447E+00 2340 3200  # out_L8Lt800Lto5ifread1
66 8   800       0.2112E+03 0.3274E+00   0.1886E+03 0.3456E+00 3490 3200  # out_L8Lt800Lto5ifread2
66 8   900       0.2112E+03 0.5868E+00   0.1883E+03 0.7050E+00 780 4000  # out_L8Lt900Lto5ifread0


#(L=8) Ltouter=0 ntot=10000 MR=800 
66 8   100 	 0.2642E+03 0.4269E-01 	 0.2547E+03 0.5230E-01 9500 4500  # out_L8Lt100Lto0
66 8   150 	 0.2530E+03 0.5831E-01 	 0.2408E+03 0.7292E-01 7580 4500  # out_L8Lt150Lto0 #may not converged 
66 8   200 	 0.2475E+03 0.7354E-01 	 0.2336E+03 0.8896E-01 6650 4500  # out_L8Lt200Lto0 
66 8   250 	 0.2434E+03 0.8530E-01 	 0.2282E+03 0.1038E+00 5720 4500  # out_L8Lt250Lto0 #may not converged 
66 8   350 	 0.2319E+03 0.3654E+00 	 0.2147E+03 0.4370E+00 743  4500  # out_L8Lt350Lto0ifread0
66 8   450 	 0.2191E+03 0.6170E+00 	 0.1998E+03 0.7549E+00 0    4500  # out_L8Lt450Lto0ifread0
66 8   550 	 0.2135E+03 0.6883E+00 	 0.1924E+03 0.8304E+00 513  4500  # out_L8Lt550Lto0ifread0
66 8   600 	 0.2125E+03 0.8014E+00 	 0.1909E+03 0.9368E+00 493  4500  # out_L8Lt600Lto0ifread0
66 8   700 	 0.2113E+03 0.3927E+00 	 0.1893E+03 0.4082E+00 2610 3600  # out_L8Lt700Lto0ifread0

#(L=9) Ltouter=5 ntot=10000 MR=200 
66 9   100 	 0.2013E+03 0.1384E+00 	 0.1880E+03 0.2271E+00 3480 3000  # out_L9Lt100
66 9   200 	 0.1956E+03 0.1580E+00 	 0.1815E+03 0.2659E+00 2420 3000  # out_L9Lt200
66 9   300 	 0.1872E+03 0.2767E+00 	 0.1720E+03 0.4266E+00 1390 3000  # out_L9Lt300
66 9   400 	 0.1785E+03 0.2761E+00 	 0.1624E+03 0.4556E+00 1520 3000  # out_L9Lt400
66 9   500 	 0.1735E+03 0.3564E+00 	 0.1553E+03 0.5630E+00 1290 3000  # out_L9Lt500
66 9   600 	 0.1693E+03 0.7486E+00 	 0.1497E+03 0.1132E+01 1110 3000  # out_L9Lt600 #need more run 
#(L=9) Ltouter=5 ntot=10000 MR=800
66 9   450 	 0.1751E+03 0.2545E+00 	 0.1574E+03 0.2967E+00 2300 3200  # out_1L9Lt450Lto5
66 9   550 	 0.1714E+03 0.5819E+00 	 0.1527E+03 0.5833E+00 2190 2700  # out_1L9Lt550Lto5 # may not converged 
66 9   600 	 0.1704E+03 0.4105E+00 	 0.1514E+03 0.4525E+00 2010 3000  # out_1L9Lt600Lto5
66 9   650 	 0.1711E+03 0.4383E+00 	 0.1523E+03 0.4985E+00 1460 2100  # out_1L9Lt650Lto5
66 9   700 	 0.1708E+03 0.4783E+00 	 0.1516E+03 0.5502E+00 1380 2100  # out_1L9Lt700Lto5
66 9   750 	 0.1693E+03 0.4591E+00 	 0.1504E+03 0.5275E+00 1300 2100  # out_1L9Lt750Lto5
66 9   800 	 0.1702E+03 0.6952E+00 	 0.1505E+03 0.7951E+00 1200 1200  # out_1L9Lt800Lto5
66 9   900 	 0.1692E+03 0.8252E+00 	 0.1489E+03 0.1128E+01 1090 1200  # out_1L9Lt900Lto5 # need more run 
#(L=9) Ltouter=5 re-calculation(2019/12/12 working)
66 9   100       0.2013E+03 0.1261E+00   0.1883E+03 0.1461E+00 2650 4000  # out_L9Lt100Lto5ifread0
66 9   100       0.2013E+03 0.8934E-01   0.1883E+03 0.1030E+00 5130 4000  # out_L9Lt100Lto5ifread1
66 9   100       0.2013E+03 0.7502E-01   0.1883E+03 0.8742E-01 7660 4000  # out_L9Lt100Lto5ifread2
66 9   200       0.1956E+03 0.1552E+00   0.1818E+03 0.1820E+00 1990 4000  # out_L9Lt200Lto5ifread0
66 9   200       0.1957E+03 0.1066E+00   0.1818E+03 0.1252E+00 3900 4000  # out_L9Lt200Lto5ifread1
66 9   200       0.1956E+03 0.8695E-01   0.1818E+03 0.1020E+00 5810 4000  # out_L9Lt200Lto5ifread2
66 9   300       0.1880E+03 0.1912E+00   0.1728E+03 0.2279E+00 1620 4000  # out_L9Lt300Lto5ifread0
66 9   300       0.1879E+03 0.1317E+00   0.1728E+03 0.1568E+00 3170 4000  # out_L9Lt300Lto5ifread1
66 9   300       0.1878E+03 0.1091E+00   0.1726E+03 0.1298E+00 4720 4000  # out_L9Lt300Lto5ifread2
66 9   400       0.1784E+03 0.2952E+00   0.1616E+03 0.3321E+00 1350 4000  # out_L9Lt400Lto5ifread0
66 9   400       0.1779E+03 0.3945E+00   0.1611E+03 0.4261E+00 2640 4000  # out_L9Lt400Lto5ifread1
66 9   400       0.1780E+03 0.2731E+00   0.1612E+03 0.2982E+00 3910 4000  # out_L9Lt400Lto5ifread2
66 9   500       0.1722E+03 0.8860E+00   0.1542E+03 0.6288E+00 1180 3600  # out_L9Lt500Lto5ifread0
66 9   500       0.1727E+03 0.4388E+00   0.1545E+03 0.3657E+00 2310 3600  # out_L9Lt500Lto5ifread1
66 9   500       0.1728E+03 0.3069E+00   0.1548E+03 0.2720E+00 3440 3600  # out_L9Lt500Lto5ifread2
66 9   600       0.1701E+03 0.7262E+00   0.1512E+03 0.7069E+00 1040 3150  # out_L9Lt600Lto5ifread0
66 9   600       0.1704E+03 0.3827E+00   0.1516E+03 0.3942E+00 2030 3150  # out_L9Lt600Lto5ifread1
66 9   600       0.1707E+03 0.2720E+00   0.1518E+03 0.2897E+00 3020 3150  # out_L9Lt600Lto5ifread2
66 9   700       0.1709E+03 0.4680E+00   0.1516E+03 0.5446E+00 1020 3300  # out_L9Lt700Lto5ifread0
66 9   700       0.1704E+03 0.3168E+00   0.1514E+03 0.3571E+00 1990 3300  # out_L9Lt700Lto5ifread1
66 9   700       0.1704E+03 0.2450E+00   0.1512E+03 0.2763E+00 2960 3300  # out_L9Lt700Lto5ifread2
66 9   800       0.1696E+03 0.6571E+00   0.1497E+03 0.7674E+00 910 3600  # out_L9Lt800Lto5ifread0
66 9   800       0.1700E+03 0.3607E+00   0.1505E+03 0.4124E+00 1790 3600  # out_L9Lt800Lto5ifread1
66 9   800       0.1700E+03 0.3006E+00   0.1507E+03 0.3261E+00 2660 3600  # out_L9Lt800Lto5ifread2
66 9   900       0.1693E+03 0.6831E+00   0.1497E+03 0.8006E+00 590 4000  # out_L9Lt900Lto5ifread0

#(L=9) Ltouter=0 ntot=10000 MR=800
66 9   100 	 0.2188E+03 0.5535E-01 	 0.2117E+03 0.6581E-01 4340 4500  # out_L9Lt100Lto0
66 9   200 	 0.2026E+03 0.8815E-01 	 0.1913E+03 0.1064E+00 2990 4500  # out_L9Lt200Lto0


#(L=10) Ltouter=5 ntot=10000 MR=200
66 10   100 	 0.1677E+03 0.9591E-01 	 0.1571E+03 0.1528E+00 3750 3480  # out_L10Lt100 #need more run 
66 10   200 	 0.1636E+03 0.1194E+00 	 0.1522E+03 0.1932E+00 2640 3480  # out_L10Lt200 #need more run 
66 10   300 	 0.1594E+03 0.1605E+00 	 0.1468E+03 0.2642E+00 2050 3000  # out_L10Lt300
66 10   400 	 0.1537E+03 0.2248E+00 	 0.1401E+03 0.3732E+00 1890 2050  # out_L10Lt400
66 10   500 	 0.1465E+03 0.7112E+00 	 0.1316E+03 0.6614E+00 1580 2400  # out_L10Lt500 #need more run 
66 10   600 	 0.1432E+03 0.3678E+00 	 0.1273E+03 0.5638E+00 1380 2000  # out_L10Lt600
#(L=10) Ltouter=5 ntot=10000 MR=800
66 10   450 	 0.1504E+03 0.2225E+00 	 0.1360E+03 0.2655E+00 1870 2700  # out_1L10Lt450Lto5
66 10   550 	 0.1443E+03 0.4870E+00 	 0.1288E+03 0.5502E+00 1640 2500  # out_1L10Lt550Lto5 #not converged 
66 10   650 	 0.1422E+03 0.4688E+00 	 0.1262E+03 0.5342E+00 1050 1600  # out_1L10Lt650Lto5
66 10   700 	 0.1405E+03 0.5132E+00 	 0.1243E+03 0.5854E+00 990 1800  # out_1L10Lt700Lto5
66 10   750 	 0.1398E+03 0.5207E+00 	 0.1232E+03 0.5997E+00 940 1800  # out_1L10Lt750Lto5
66 10   800 	 0.1401E+03 0.7083E+00 	 0.1227E+03 0.8133E+00 950 1050  # out_1L10Lt800Lto5
66 10   900 	 0.1410E+03 0.8474E+00 	 0.1237E+03 0.9460E+00 870 900  # out_1L10Lt900Lto5
#(L=10) Ltouter=5 re-calculation(2019/12/12 working on)
66 10   100      0.1680E+03 0.1357E+00   0.1572E+03 0.1576E+00 1920 4000  # out_L10Lt100Lto5ifread0
66 10   100      0.1679E+03 0.9205E-01   0.1571E+03 0.1081E+00 3750 4000  # out_L10Lt100Lto5ifread1
66 10   100      0.1679E+03 0.7415E-01   0.1572E+03 0.8676E-01 5580 4000  # out_L10Lt100Lto5ifread2
66 10   200      0.1636E+03 0.1582E+00   0.1520E+03 0.1846E+00 1470 4000  # out_L10Lt200Lto5ifread0
66 10   200      0.1639E+03 0.1062E+00   0.1523E+03 0.1252E+00 2860 4000  # out_L10Lt200Lto5ifread1
66 10   200      0.1637E+03 0.8557E-01   0.1521E+03 0.1019E+00 4250 4000  # out_L10Lt200Lto5ifread2
66 10   300      0.1595E+03 0.1969E+00   0.1471E+03 0.2285E+00 1180 4000  # out_L10Lt300Lto5ifread0
66 10   300      0.1595E+03 0.1311E+00   0.1471E+03 0.1531E+00 2300 4000  # out_L10Lt300Lto5ifread1
66 10   300      0.1595E+03 0.1048E+00   0.1471E+03 0.1211E+00 3420 4000  # out_L10Lt300Lto5ifread2
66 10   400      0.1532E+03 0.2705E+00   0.1397E+03 0.3136E+00 1000 3600  # out_L10Lt400Lto5ifread0
66 10   400      0.1534E+03 0.1854E+00   0.1397E+03 0.2097E+00 1950 3600  # out_L10Lt400Lto5ifread1
66 10   400      0.1530E+03 0.2177E+00   0.1393E+03 0.2338E+00 2900 3600  # out_L10Lt400Lto5ifread2
66 10   500      0.1471E+03 0.3209E+00   0.1324E+03 0.3973E+00 980 3000  # out_L10Lt500Lto5ifread0
66 10   500      0.1469E+03 0.2204E+00   0.1320E+03 0.2552E+00 1910 3000  # out_L10Lt500Lto5ifread1
66 10   500      0.1468E+03 0.1739E+00   0.1320E+03 0.2003E+00 2830 3000  # out_L10Lt500Lto5ifread2
66 10   600      0.1434E+03 0.3727E+00   0.1275E+03 0.4373E+00 870 3000  # out_L10Lt600Lto5ifread0
66 10   600      0.1431E+03 0.2766E+00   0.1271E+03 0.3324E+00 1690 3000  # out_L10Lt600Lto5ifread1
66 10   600      0.1428E+03 0.2306E+00   0.1269E+03 0.2626E+00 2510 3000  # out_L10Lt600Lto5ifread2
66 10   700      0.1407E+03 0.6635E+00   0.1245E+03 0.7277E+00 770 3000  # out_L10Lt700Lto5ifread0
66 10   700      0.1405E+03 0.3641E+00   0.1242E+03 0.4250E+00 1500 3000  # out_L10Lt700Lto5ifread1
66 10   700      0.1409E+03 0.2649E+00   0.1245E+03 0.3071E+00 2230 3000  # out_L10Lt700Lto5ifread2
66 10   800      0.1390E+03 0.5267E+00   0.1222E+03 0.6277E+00 660 3000  # out_L10Lt800Lto5ifread0
66 10   800      0.1384E+03 0.1812E+01   0.1215E+03 0.1890E+01 1280 3000  # out_L10Lt800Lto5ifread1
66 10   800      0.1382E+03 0.1589E+01   0.1217E+03 0.1406E+01 1900 3000  # out_L10Lt800Lto5ifread2
66 10   850      0.1398E+03 0.5896E+00   0.1234E+03 0.6929E+00 660 2400  # out_L10Lt850Lto5ifread0
66 10   850      0.1397E+03 0.5850E+00   0.1233E+03 0.6892E+00 660 2400  # out_L10Lt850Lto5ifread1
66 10   900      0.1407E+03 0.7773E+00   0.1239E+03 0.8892E+00 600 1800  # out_L10Lt900Lto5ifread0
66 10   900      0.1406E+03 0.5386E+00   0.1237E+03 0.5925E+00 1170 1800  # out_L10Lt900Lto5ifread1
66 10   900      0.1403E+03 0.4477E+00   0.1232E+03 0.5187E+00 1740 1800  # out_L10Lt900Lto5ifread2
66 10   950      0.1402E+03 0.7776E+00   0.1225E+03 0.9322E+00 600 2500  # out_L10Lt950Lto5ifread0
66 10   950      0.1402E+03 0.7673E+00   0.1227E+03 0.9193E+00 600 2500  # out_L10Lt950Lto5ifread1
66 10   1050     0.1477E+03 0.6750E+00   0.1300E+03 0.7724E+00 610 2500  # out_L10Lt1050Lto5ifread0
66 10   1050     NaN NaN         NaN NaN 610 2500  # out_L10Lt1050Lto5ifread1




#(L=10) Ltouter=0 ntot=10000 MR=800
66 10   100 	 0.1854E+03 0.5410E-01 	 0.1799E+03 0.6368E-01 5470 2700  # out_L10Lt100Lto0ifread0
66 10   200 	 0.1695E+03 0.8654E-01 	 0.1606E+03 0.9899E-01 3910 2700  # out_L10Lt200Lto0ifread0
66 10   300 	 0.1643E+03 0.1153E+00 	 0.1536E+03 0.1374E+00 2970 2700  # out_L10Lt300Lto0ifread0

#(L=11) Ltouter=5 ntot=10000 MR=200
66 11   100 	 0.1425E+03 0.1016E+00 	 0.1336E+03 0.1565E+00 2740 3480  # out_L11Lt100
66 11   200 	 0.1385E+03 0.1279E+00 	 0.1288E+03 0.1978E+00 1950 3360  # out_L11Lt200
66 11   300 	 0.1362E+03 0.1604E+00 	 0.1259E+03 0.2619E+00 1520 3000  # out_L11Lt300
66 11   400 	 0.1329E+03 0.2283E+00 	 0.1216E+03 0.3652E+00 1400 2000  # out_L11Lt400
66 11   500 	 0.1286E+03 0.3131E+00 	 0.1164E+03 0.5012E+00 1090 1800  # out_L11Lt500
66 11   600 	 0.1233E+03 0.8947E+00 	 0.1103E+03 0.1148E+01 950 1500  # out_L11Lt600
#(L=11) Ltouter=5 ntot=10000 MR=800
66 11   550 	 0.1260E+03 0.3159E+00 	 0.1133E+03 0.3699E+00 1150 1800  # out_L11Lt550
#66 11   600 	 0.1238E+03 0.3707E+00 	 0.1107E+03 0.5688E+00 950 1800  # out_1L11Lt600
66 11   600 	 0.1233E+03 0.6509E+00 	 0.1102E+03 0.8299E+00 1080 1800  # out_L11Lt600
66 11   650 	 0.1218E+03 0.4448E+00 	 0.1082E+03 0.5586E+00 1110 1800  # out_L11Lt650
66 11   700 	 0.1206E+03 0.6994E+00 	 0.1066E+03 0.7552E+00 790 1200  # out_L11Lt700
66 11   800 	 0.1201E+03 0.6198E+00 	 0.1060E+03 0.7470E+00 710 1200  # out_L11Lt800
66 11   900 	 0.1173E+03 0.7992E+00 	 0.1026E+03 0.8433E+00 650 1200  # out_L11Lt900
66 11   950 	 0.1175E+03 0.7414E+00 	 0.1016E+03 0.9219E+00 790 1200  # out_L11Lt950
#66 11   1000 	 0.1261E+03 0.8735E+00 	 0.1101E+03 0.9970E+00 620 1120  # out_1L11Lt1000
66 11   1000 	 0.1260E+03 0.6056E+00 	 0.1099E+03 0.6868E+00 820 1400  # out_L11Lt1000
66 11   1050 	 0.1256E+03 0.7750E+00 	 0.1096E+03 0.8859E+00 830 1400  # out_L11Lt1050

#(L=11) Ltouter=5 re-calculation(2019/12/12 still working on)
66 11   100      0.1425E+03 0.1311E+00   0.1336E+03 0.1497E+00 1460 4400  # out_L11Lt100Lto5ifread0
66 11   100      0.1425E+03 0.8861E-01   0.1335E+03 0.1010E+00 2810 4400  # out_L11Lt100Lto5ifread1
66 11   100      0.1425E+03 0.7251E-01   0.1335E+03 0.8317E-01 4140 4400  # out_L11Lt100Lto5ifread2
66 11   200      0.1387E+03 0.1629E+00   0.1291E+03 0.1886E+00 1110 4000  # out_L11Lt200Lto5ifread0
66 11   200      0.1387E+03 0.1085E+00   0.1291E+03 0.1249E+00 2120 4000  # out_L11Lt200Lto5ifread1
66 11   200      0.1387E+03 0.8881E-01   0.1291E+03 0.1018E+00 3150 4000  # out_L11Lt200Lto5ifread2
66 11   300      0.1363E+03 0.2180E+00   0.1258E+03 0.2524E+00 910 3600  # out_L11Lt300Lto5ifread0
66 11   300      0.1361E+03 0.1406E+00   0.1256E+03 0.1645E+00 1750 3600  # out_L11Lt300Lto5ifread1
66 11   300      0.1361E+03 0.1121E+00   0.1257E+03 0.1321E+00 2590 3600  # out_L11Lt300Lto5ifread2
66 11   400      0.1332E+03 0.2700E+00   0.1218E+03 0.3095E+00 850 2700  # out_L11Lt400Lto5ifread0
66 11   400      0.1332E+03 0.1753E+00   0.1219E+03 0.1999E+00 1640 2700  # out_L11Lt400Lto5ifread1
66 11   400      0.1331E+03 0.1398E+00   0.1218E+03 0.1611E+00 2430 2700  # out_L11Lt400Lto5ifread2
66 11   500      0.1284E+03 0.7424E+00   0.1164E+03 0.7302E+00 740 3000  # out_L11Lt500Lto5ifread0
66 11   500      0.1284E+03 0.3369E+00   0.1166E+03 0.3447E+00 1420 3000  # out_L11Lt500Lto5ifread1
66 11   500      0.1284E+03 0.2310E+00   0.1166E+03 0.2424E+00 2100 3000  # out_L11Lt500Lto5ifread2
66 11   600      0.1221E+03 0.1238E+01   0.1086E+03 0.1591E+01 610 2400  # out_L11Lt600Lto5ifread0
66 11   600      0.1229E+03 0.5740E+00   0.1096E+03 0.7006E+00 1170 2400  # out_L11Lt600Lto5ifread1
66 11   600      0.1233E+03 0.3807E+00   0.1099E+03 0.4604E+00 1730 2400  # out_L11Lt600Lto5ifread2
66 11   700      0.1200E+03 0.6688E+00   0.1061E+03 0.7246E+00 580 2250  # out_L11Lt700Lto5ifread0
66 11   700      0.1197E+03 0.4019E+00   0.1054E+03 0.4512E+00 1120 2250  # out_L11Lt700Lto5ifread1
66 11   700      0.1193E+03 0.3124E+00   0.1051E+03 0.3594E+00 1660 2250  # out_L11Lt700Lto5ifread2
66 11   800      0.1192E+03 0.6000E+00   0.1050E+03 0.7083E+00 530 2400  # out_L11Lt800Lto5ifread0
66 11   800      0.1182E+03 0.9020E+00   0.1040E+03 0.1008E+01 1020 2400  # out_L11Lt800Lto5ifread1
66 11   800      0.1184E+03 0.6583E+00   0.1039E+03 0.8754E+00 1510 2400  # out_L11Lt800Lto5ifread2
66 11   850      0.1181E+03 0.1145E+01   0.1029E+03 0.1609E+01 500 2400  # out_L11Lt850Lto5ifread0
66 11   900      0.1173E+03 0.8122E+00   0.1029E+03 0.9112E+00 480 2400  # out_L11Lt900Lto5ifread0
66 11   900      0.1138E+03 0.4098E+01   0.1002E+03 0.2957E+01 930 2400  # out_L11Lt900Lto5ifread1
66 11   900      0.1154E+03 0.2391E+01   0.1014E+03 0.1737E+01 1380 2400  # out_L11Lt900Lto5ifread2
66 11   950      0.1179E+03 0.8708E+00   0.1024E+03 0.1152E+01 460 2500  # out_L11Lt950Lto5ifread0
66 11   1000     0.1252E+03 0.7841E+00   0.1089E+03 0.9245E+00 460 2500  # out_L11Lt1000Lto5ifread0
66 11   1050     0.1258E+03 0.1204E+01   0.1099E+03 0.1408E+01 460 2500  # out_L11Lt1050Lto5ifread0



