##(L=8) Ltouter=0 ntot=10000 MR=800 
#66 8   100 	 0.2642E+03 0.4269E-01 	 0.2547E+03 0.5230E-01 9500 4500  # out_L8Lt100Lto0
#66 8   150 	 0.2530E+03 0.5831E-01 	 0.2408E+03 0.7292E-01 7580 4500  # out_L8Lt150Lto0 #may not converged 
#66 8   200 	 0.2475E+03 0.7354E-01 	 0.2336E+03 0.8896E-01 6650 4500  # out_L8Lt200Lto0 
#66 8   250 	 0.2434E+03 0.8530E-01 	 0.2282E+03 0.1038E+00 5720 4500  # out_L8Lt250Lto0 #may not converged 
#66 8   350 	 0.2319E+03 0.3654E+00 	 0.2147E+03 0.4370E+00 743  4500  # out_L8Lt350Lto0ifread0
#66 8   450 	 0.2191E+03 0.6170E+00 	 0.1998E+03 0.7549E+00 1    4500  # out_L8Lt450Lto0ifread0
#66 8   550 	 0.2135E+03 0.6883E+00 	 0.1924E+03 0.8304E+00 513  4500  # out_L8Lt550Lto0ifread0
#66 8   600 	 0.2125E+03 0.8014E+00 	 0.1909E+03 0.9368E+00 493  4500  # out_L8Lt600Lto0ifread0
#66 8   700 	 0.2113E+03 0.3927E+00 	 0.1893E+03 0.4082E+00 2610 3600  # out_L8Lt700Lto0ifread0
##Nf L Ltinner    EH0                     EM0                   ntot nthr
#66 8   100       0.2642E+03 0.4269E-01   0.2547E+03 0.5230E-01 9500 4500  # out_L8Lt100Lto0
#66 8   150       0.2530E+03 0.5831E-01   0.2408E+03 0.7292E-01 7580 4500  # out_L8Lt150Lto0
#66 8   200       0.2475E+03 0.7354E-01   0.2336E+03 0.8896E-01 6650 4500  # out_L8Lt200Lto0
#66 8   250       0.2434E+03 0.8530E-01   0.2282E+03 0.1038E+00 5720 4500  # out_L8Lt250Lto0
#66 8   350       0.2319E+03 0.3654E+00   0.2147E+03 0.4370E+00 743  4500  # out_L8Lt350Lto0ifread0
#66 8   450       0.2191E+03 0.6170E+00   0.1998E+03 0.7549E+00 1    4500  # out_L8Lt450Lto0ifread0
#66 8   550       0.2135E+03 0.6883E+00   0.1924E+03 0.8304E+00 513  4500  # out_L8Lt550Lto0ifread0
#66 8   600       0.2125E+03 0.8014E+00   0.1909E+03 0.9368E+00 493  4500  # out_L8Lt600Lto0ifread0
#66 8   700       0.2113E+03 0.3927E+00   0.1893E+03 0.4082E+00 2610 3600  # out_L8Lt700Lto0ifread0
#=Final summary /choice 
66 8   100       0.2642E+03 0.4269E-01   0.2547E+03 0.5230E-01 9500 4500  # out_L8Lt100Lto0
66 8   150 	 0.2530E+03 0.5831E-01 	 0.2408E+03 0.7292E-01 7580 4500  # out_L8Lt150Lto0 #may not converged 
66 8   200       0.2475E+03 0.7354E-01   0.2336E+03 0.8896E-01 6650 4500  # out_L8Lt200Lto0
66 8   250       0.2434E+03 0.8530E-01   0.2282E+03 0.1038E+00 5720 4500  # out_L8Lt250Lto0
66 8   350       0.2319E+03 0.3654E+00   0.2147E+03 0.4370E+00 743  4500  # out_L8Lt350Lto0ifread0
66 8   450       0.2191E+03 0.6170E+00   0.1998E+03 0.7549E+00 1    4500  # out_L8Lt450Lto0ifread0
66 8   550       0.2135E+03 0.6883E+00   0.1924E+03 0.8304E+00 513  4500  # out_L8Lt550Lto0ifread0
66 8   600       0.2125E+03 0.8014E+00   0.1909E+03 0.9368E+00 493  4500  # out_L8Lt600Lto0ifread0
66 8   700       0.2113E+03 0.3927E+00   0.1893E+03 0.4082E+00 2610 3600  # out_L8Lt700Lto0ifread0
